vowel F1(Hz) F2(Hz) F3(Hz) rateF2(Hz/ms) f0Median(Hz) Baseline(Hz) SpectEmph(dB) 
a 763 1327 1714 -10.0 122 122 52.4 
u 438 1068 1807 3.1 129 129 31.8 
U 440 1124 2059 -2.4 139 138 29.3 
a 693 1325 1736 -1.3 108 98 47.2 
eh 523 1627 1792 -2.7 120 112 37.6 
O 538 1014 1804 2.0 131 129 33.4 
e 516 1422 1858 -0.3 130 125 29.0 
aI 658 1564 1824 7.7 118 114 46.3 
a 753 1457 1766 -6.5 105 101 39.9 
eh 643 770 1785 1.5 197 136 31.5 
eh 591 1619 1846 2.4 115 111 35.8 
a 764 1286 2028 2.4 132 129 39.7 
a 660 1269 1862 -1.2 --undefined-- --undefined-- --undefined-- 
eh 527 1563 1861 5.6 127 114 50.6 
O 521 979 1225 3.7 185 182 26.8 
e 492 1492 1566 -1.2 174 163 29.9 
aI 414 1359 2053 4.9 130 112 42.9 
E 451 1715 1919 1.2 144 141 28.6 
e 495 1826 1992 5.4 160 154 31.0 
a 622 1464 1804 -3.4 151 133 33.7 
a 737 1390 1655 5.2 115 112 51.2 
a 840 1274 2164 -0.3 122 122 34.4 
A 537 1317 1747 -2.3 120 --undefined-- 26.4 
a 538 1195 1395 -2.8 116 113 32.2 
a 679 1188 1869 5.2 116 114 32.6 
A 545 1171 1222 4.0 114 112 27.0 
I 460 1544 1848 -7.7 108 107 21.3 
aU 720 1026 2041 0.6 109 99 31.1 
A 560 1146 1325 1.7 136 135 42.0 
U 411 815 2147 -2.1 100 98 27.2 
U 459 1267 1748 -7.3 113 112 30.3 
Ieh 438 1859 1948 7.4 105 99 38.0 
a 645 1231 1886 -1.9 115 112 36.7 
eR 445 1600 1801 -12.2 105 93 38.1 
A 607 1455 1700 -2.0 95 95 36.7 
i 590 1982 2097 5.0 136 131 52.4 
a 788 1329 1997 4.9 124 116 54.5 
aI 498 1644 1899 9.0 132 118 40.5 
A 516 1422 1627 -0.5 109 91 38.3 
O 495 1001 1748 -0.5 124 122 33.0 
e 456 1506 1863 -8.3 131 125 30.5 
aI 410 1745 2132 0.9 125 112 38.9 
eh 517 1456 1760 -11.2 119 102 35.8 
a 735 1302 2124 -3.8 145 135 31.1 
i 415 2070 2181 4.4 135 125 28.5 
uA 484 646 2514 -11.0 156 104 34.5 
I 443 696 1952 --undefined-- 141 137 24.7 
U 479 1056 1784 -6.9 127 125 30.2 
a 671 1147 2055 2.6 120 119 34.3 
I 406 1248 1775 -7.7 117 --undefined-- 23.0 
eR 480 1623 1845 1.3 116 114 35.3 
U 421 1791 1950 6.2 112 111 24.6 
Ieh 436 1868 1990 1.4 105 99 35.1 
a 739 1339 1740 -7.0 123 115 39.0 
A 599 1243 1920 -1.9 139 138 33.9 
a 778 1226 2199 0.2 133 129 38.6 
aI 586 1473 1658 4.1 126 125 33.7 
A 640 1479 1806 -3.6 126 125 29.9 
A 601 1378 1838 -1.3 125 124 38.0 
E 457 1721 1811 6.1 123 120 41.5 
a 801 1242 2876 5.6 124 121 30.5 
uA 407 758 2197 -4.3 127 65 44.3 
eh 648 1489 1762 9.5 124 115 36.3 
I 451 1643 1987 7.1 130 123 29.7 
E 459 1734 1942 -7.7 144 128 34.6 
a 669 1337 1965 4.0 140 135 38.1 
I 407 1838 2007 10.7 153 151 31.0 
u 465 1170 1968 -7.3 147 147 26.5 
U 456 1192 1609 -8.7 155 154 30.2 
IaR 734 1408 1826 -2.6 128 103 40.4 
uI 424 1716 2094 4.7 130 121 26.8 
a 715 1347 2332 -4.9 97 80 30.1 
a 752 1360 1946 -0.5 133 130 31.8 
i 444 1828 2057 0.3 141 120 33.7 
O 508 872 2189 -0.8 171 167 33.2 
e 498 1395 1869 -1.8 158 147 38.0 
aI 400 1637 1962 4.4 126 108 57.7 
eh 578 1520 1863 -2.1 120 118 33.9 
u 369 804 2074 -7.1 159 157 29.9 
I 481 1963 2616 13.3 228 200 19.0 
A 561 1017 1633 20.9 200 190 24.4 
eh 570 1591 1857 -3.8 137 125 31.5 
aI 455 1679 1953 -4.1 125 121 27.0 
i 483 564 2093 --undefined-- 183 159 25.0 
i 397 2035 2211 6.3 143 141 32.3 
aI 444 726 2013 -3.0 167 148 44.7 
i 448 1749 2024 13.7 158 147 22.3 
U 451 871 2460 -10.7 218 212 22.5 
eh 528 1738 1955 3.7 123 106 34.0 
a 728 1197 2296 -6.1 127 119 31.4 
I 471 1719 1917 6.8 147 146 21.8 
E 460 1703 1823 -2.4 146 143 25.6 
I 446 1622 2119 0.6 140 139 32.6 
Io 487 1284 1732 -5.3 141 140 27.3 
eh 559 1217 1647 3.7 138 134 44.5 
A 545 1507 1808 1.0 143 138 25.7 
aU 607 934 1777 -1.9 102 96 33.5 
a 661 1221 1757 -5.8 113 108 43.8 
a 592 1221 1585 -1.8 114 113 26.4 
eh 555 1551 1754 -0.0 103 96 57.3 
eI 412 1700 1925 8.4 131 117 29.0 
eh 446 1672 1926 8.5 117 113 26.1 
e 481 1692 1793 -5.3 131 130 26.3 
U 457 1153 1961 -3.2 133 131 24.4 
a 765 1211 2309 4.7 133 131 32.8 
U 426 826 2033 -2.6 129 101 40.8 
e 542 1290 1722 -7.7 129 126 27.2 
A 672 1270 2127 4.3 125 125 25.3 
aU 559 912 1944 0.8 133 127 43.8 
a 668 1170 1403 -0.1 128 128 33.3 
A 553 1337 1493 -1.3 137 137 32.0 
uI 384 2098 2930 8.4 151 134 34.0 
A 632 960 1713 -18.1 97 94 36.5 
aI 547 1605 1781 3.9 139 132 44.0 
E 472 1609 1816 0.8 180 170 36.9 
I 425 1719 2000 5.9 123 123 29.5 
eh 559 1635 1829 2.2 122 122 32.8 
A 547 1097 1711 -2.1 118 114 34.0 
aU 548 820 2132 -2.1 130 103 37.1 
ah 718 1221 2005 -11.0 153 64 42.7 
eh 623 1575 1731 2.1 120 118 41.3 
A 752 1191 2601 -0.1 132 128 28.5 
I 408 1735 1966 1.6 121 121 32.3 
Io 515 1258 1758 -4.3 119 112 36.0 
eh 591 1594 1768 6.2 117 113 36.6 
A 563 1478 1565 -7.4 115 114 28.1 
aU 663 1126 1919 -0.7 134 127 31.7 
O 511 983 1397 3.9 134 130 37.7 
e 430 1704 1734 -0.5 155 141 31.8 
eh 571 1676 1731 2.2 112 69 46.5 
U 519 1092 2029 -4.3 --undefined-- --undefined-- --undefined-- 
e 425 1655 1835 6.9 123 123 35.2 
a 690 1175 2140 -1.6 114 110 30.9 
a 682 1219 2035 -1.9 113 109 43.8 
uA 495 800 2135 -2.2 161 83 34.6 
A 745 1227 2607 -4.0 156 94 31.4 
eh 569 1675 1803 0.6 149 144 32.6 
E 524 1264 1767 -0.1 181 175 22.6 
a 731 1261 1862 -7.1 164 161 26.1 
E 489 1534 1719 2.1 166 161 26.3 
E 487 1619 1856 4.1 120 119 40.8 
aU 592 1009 1681 -4.5 117 113 34.3 
eR 485 1453 1639 5.4 124 122 38.5 
I 438 1628 2086 1.0 142 --undefined-- 25.5 
a 638 1212 1860 2.6 98 89 38.2 
Ueh 469 1032 1995 -6.8 104 100 43.9 
Ia 610 1551 1795 -6.9 97 87 33.9 
Ueh 489 1486 1912 -10.2 113 113 41.4 
Iu 383 808 2227 -7.4 115 98 40.6 
Ueh 483 1037 1912 -0.6 104 102 37.9 
Iu 431 1366 2049 -1.2 106 90 28.7 
eh 594 1506 1642 -1.9 121 120 37.7 
E 446 1661 1981 -4.6 142 139 28.1 
E 424 1838 1884 6.0 114 109 37.8 
eh 613 1457 1878 2.0 103 98 47.5 
E 431 1650 1968 0.1 134 132 31.6 
E 417 1539 1724 5.0 130 126 29.7 
O 482 911 2132 4.0 154 152 31.8 
e 465 1687 1931 0.4 153 153 26.8 
A 762 1387 1930 1.1 125 122 42.5 
eh 533 1720 1904 -4.5 162 134 34.6 
A 750 1434 1832 4.4 132 130 30.3 
eh 518 1604 1764 -6.4 156 152 31.9 
O 525 954 1322 -4.6 186 182 31.1 
e 409 1740 1855 -12.5 191 182 28.1 
e 464 1915 2007 10.7 164 156 40.1 
Ieh 578 1603 1881 -1.4 137 133 31.5 
i 398 1904 2145 6.4 143 140 28.8 
U 440 986 2137 5.7 137 134 25.1 
e 431 1787 1976 -6.4 137 136 36.8 
e 474 1479 1886 0.5 149 139 30.1 
eh 547 1739 1929 14.5 110 95 35.2 
i 434 1822 2134 -1.3 144 128 27.9 
a 548 1562 1838 -5.2 137 136 32.6 
i 442 1774 2053 14.2 144 141 31.8 
i 428 1780 2058 8.2 140 139 23.7 
a 505 1815 2032 0.3 140 138 26.5 
i 439 1839 2012 -6.5 143 142 33.6 
aI 484 1837 1977 5.0 162 159 35.6 
uA 419 646 2328 0.2 132 95 41.3 
aI 645 1561 1980 -0.6 126 104 33.1 
aI 547 1655 1807 -6.6 143 117 28.6 
a 668 1439 1758 2.2 130 127 40.4 
i 494 1590 1832 -10.4 133 132 37.0 
O 499 993 1708 1.5 156 151 28.1 
e 420 1734 1920 0.7 176 168 22.2 
i 367 1954 2128 2.1 175 172 24.1 
A 582 1356 1769 -0.6 175 174 32.7 
Ua 519 982 1292 -3.2 187 185 28.7 
I 471 1989 2107 19.6 224 215 22.6 
eI 423 1912 2102 -7.6 136 97 33.7 
A 577 1396 1690 2.8 96 88 43.7 
A 723 1449 1816 -1.3 118 110 40.6 
i 383 1802 2118 2.8 148 136 33.8 
E 438 1789 1810 5.5 124 115 35.6 
oI 431 1429 2094 10.7 139 137 33.0 
E 394 1746 1833 3.6 124 120 33.7 
O 529 999 1865 -1.6 130 127 36.5 
e 396 1653 1851 -4.3 128 123 27.1 
i 403 1703 1826 -1.1 121 120 29.5 
A 508 1429 1678 -2.4 120 119 38.2 
Ua 503 1283 1837 -4.5 127 123 40.3 
I 464 1294 1972 9.9 132 130 28.5 
eI 424 1874 2055 0.8 137 118 30.9 
A 578 1407 1606 14.0 196 188 29.5 
A 637 1188 2178 -3.5 118 113 42.7 
uA 447 676 2247 -0.5 163 102 34.6 
i 345 1905 2006 5.9 151 146 34.2 
i 372 1823 2112 -0.8 181 174 30.3 
a 488 1363 1798 -20.2 113 106 27.5 
i 430 1814 2076 7.2 139 128 23.2 
aI 481 1650 1952 8.4 155 151 30.6 
O 525 1010 1976 3.9 173 169 30.9 
e 421 1580 1742 --undefined-- 195 187 24.2 
aI 442 1691 1746 6.9 190 187 25.8 
e 383 1695 1842 8.2 184 179 20.8 
oR 502 1224 1497 4.8 203 194 31.4 
oR 531 1143 1558 -0.1 142 141 31.5 
I 415 1716 1891 -9.4 162 154 25.7 
aI 613 1695 1743 6.4 155 153 37.1 
a 739 1350 1897 -0.0 149 137 38.2 
eh 596 1602 1738 -2.7 120 112 53.7 
oh 593 952 2003 -1.7 142 140 35.4 
A 517 1466 1873 3.6 150 148 29.0 
aI 574 1565 1858 10.8 124 123 32.9 
a 752 1333 2082 -5.0 132 130 31.5 
O 568 1004 1397 1.3 145 145 26.7 
A 677 1159 1686 -6.0 166 164 41.7 
oh 568 1039 1858 -5.6 112 102 32.8 
Ia 420 1647 1846 -16.8 102 101 34.6 
O 497 889 2005 -9.2 109 107 50.4 
eI 463 1844 2070 14.2 172 158 27.7 
a 736 1353 1513 -4.3 110 107 51.7 
i 392 1562 2659 6.1 185 135 28.8 
a 766 1287 1992 3.4 144 141 36.1 
i 441 1796 2071 5.1 146 144 37.0 
O 527 984 1816 0.2 166 163 26.9 
e 488 1527 1588 4.9 175 169 31.0 
aI 442 829 1995 4.4 163 149 44.8 
I 349 2035 2185 9.7 166 163 32.3 
I 371 1391 2086 -8.1 175 168 27.7 
eh 569 1727 1934 11.8 145 119 36.0 
U 487 1016 1683 -24.0 155 152 33.1 
A 651 1177 2084 5.2 122 118 32.9 
O 549 984 1925 1.2 128 127 44.4 
A 596 1174 1832 -5.0 198 156 28.1 
oh 578 1015 1922 -3.2 135 127 40.3 
Ia 499 1559 1742 1.1 153 145 29.0 
aI 593 1486 1823 3.0 143 131 30.3 
A 583 1336 1800 -0.2 134 123 34.5 
E 421 1781 1906 -2.5 133 128 32.9 
a 751 1229 1862 -3.5 138 126 47.3 
a 714 1195 1818 -1.8 123 112 27.0 
O 524 944 1916 -0.2 126 125 31.6 
A 631 1177 2208 -6.1 125 111 35.3 
oh 557 878 1947 -7.5 109 103 41.0 
Ia 492 1756 1834 4.4 166 130 34.7 
eh 507 1772 1821 -4.6 111 100 61.9 
a 725 1352 1889 -2.5 144 141 51.2 
i 457 1807 2000 4.7 154 146 32.3 
U 400 1086 2631 -13.4 182 178 29.2 
eh 533 1680 1908 7.0 130 125 45.2 
aI 501 1828 2034 -1.1 171 158 34.6 
e 468 1470 1585 1.5 175 172 24.4 
U 492 1123 2017 -0.4 170 168 26.8 
I 394 1902 2048 5.2 123 119 32.7 
eI 510 2009 2029 2.8 177 141 33.7 
U 452 849 1748 -8.4 146 129 37.0 
aI 555 1619 1840 0.4 130 129 53.9 
e 429 1797 2030 1.6 139 124 52.1 
O 519 1088 1928 1.9 134 130 37.5 
e 501 1597 2005 -1.3 157 154 38.4 
aI 522 1680 1973 7.0 154 147 25.5 
e 472 1931 2099 -3.2 150 148 31.2 
aI 528 1684 1988 8.4 143 138 38.8 
e 459 1742 1960 4.3 147 142 25.9 
uI 449 887 1947 -11.4 142 128 48.2 
aR 585 1493 1853 -0.2 148 136 31.3 
eU 539 1145 2026 -6.8 141 131 31.3 
a 755 1229 1997 -1.1 124 121 33.5 
I 409 1744 2059 14.5 118 115 38.4 
eR 500 1618 1814 2.1 121 107 38.6 
U 462 674 2161 -12.0 181 170 31.0 
aR 683 1451 1812 0.4 139 72 33.3 
a 627 1566 1781 -3.7 152 152 32.4 
i 434 1858 1910 -3.9 163 155 31.5 
O 556 998 1517 0.7 182 177 38.0 
e 489 1198 1638 --undefined-- 194 191 25.1 
aI 552 1513 1839 10.1 187 186 28.3 
I 395 1670 1915 -0.8 184 166 30.2 
U 446 818 2349 -2.3 210 203 30.2 
eh 579 1716 2011 16.8 147 143 41.1 
U 531 1098 1582 7.8 136 134 27.5 
eh 540 1585 1854 5.4 133 131 31.5 
A 648 1262 2000 -2.0 123 118 27.8 
A 521 1504 1702 0.2 127 117 35.4 
i 417 1696 2015 1.6 119 105 42.8 
eh 569 1551 1917 -1.0 125 119 30.4 
A 690 1448 1778 1.8 132 131 30.4 
A 623 1345 1564 -4.3 140 125 38.7 
O 460 1066 1737 -0.1 139 139 29.0 
E 426 1560 1785 -0.6 134 129 36.9 
oR 551 1216 1735 -5.3 144 144 37.7 
A 581 1344 1728 3.5 140 138 37.4 
eh 504 1762 1943 -7.6 118 113 44.0 
eh 472 1871 1937 2.8 105 96 46.2 
i 448 1686 2028 2.8 148 148 26.9 
A 545 1528 1846 -0.1 158 142 30.7 
A 573 1285 1645 3.1 151 149 38.7 
oI 424 1352 1836 -8.4 100 90 44.6 
aI 756 1649 1919 6.2 130 122 46.5 
O 565 1177 1544 6.5 151 136 34.4 
e 505 1576 1827 4.3 180 173 27.2 
aI 457 1138 1781 10.5 187 184 33.6 
e 542 1510 1659 -4.6 163 160 30.4 
aI 548 1555 1878 8.3 167 165 30.7 
E 396 1148 1879 -8.2 190 184 28.6 
e 503 1495 1760 9.6 160 149 41.2 
A 598 1235 1883 4.2 139 116 37.2 
A 543 1487 1753 1.4 106 95 30.9 
a 796 1274 1922 -0.1 132 116 26.5 
a 798 1520 1995 6.8 126 125 34.9 
i 406 1889 2164 3.8 135 126 33.9 
i 483 1680 1958 21.3 139 126 41.2 
i 310 1921 2170 -7.1 146 126 35.3 
U 499 1077 1962 -2.8 161 159 25.0 
eh 528 1513 1903 4.2 165 162 29.8 
U 544 1196 1938 4.1 161 161 29.3 
eh 577 1567 1751 5.5 168 166 24.4 
A 544 1358 1639 -5.0 167 154 30.8 
A 495 1424 1492 -4.2 159 153 34.4 
O 506 993 1899 4.3 154 140 35.0 
e 466 1459 1726 -2.4 147 135 29.5 
aI 590 1602 1854 3.9 147 141 37.2 
e 503 1648 2009 2.1 152 143 36.5 
A 638 1299 1849 3.7 146 143 35.4 
I 351 1879 2072 2.7 162 160 26.9 
O 519 864 1978 -2.1 168 164 24.7 
Ia 417 1845 2038 4.1 119 112 43.0 
e 463 1691 1953 8.0 146 144 33.3 
U 470 1265 1956 -2.8 163 149 34.7 
aU 719 1213 1941 0.5 137 133 39.7 
I 427 1805 2027 9.6 --undefined-- --undefined-- --undefined-- 
O 516 920 2080 -0.4 157 156 30.7 
Ia 387 1784 1892 2.3 110 103 42.9 
a 694 1570 1839 3.1 122 118 28.0 
i 515 1845 2073 2.7 128 126 26.1 
O 530 1062 1953 6.3 147 145 32.2 
O 536 1004 1684 1.6 132 131 39.1 
e 449 1600 1834 -1.8 158 139 32.2 
eh 563 1745 1865 2.2 137 133 33.0 
e 464 1625 1912 -3.2 142 138 29.8 
eh 575 1331 1744 -2.3 126 123 41.0 
A 668 1361 1859 2.0 125 116 30.8 
A 493 1450 1589 -1.7 141 140 34.0 
e 529 1361 1636 -2.8 126 123 31.7 
A 639 1281 1685 3.4 120 118 27.9 
U 519 1033 1678 3.7 127 124 30.0 
eh 528 1620 1862 5.5 123 122 38.5 
A 430 901 1626 11.0 127 124 35.3 
I 467 1983 2266 5.8 126 125 34.3 
O 479 877 1956 -3.2 131 129 38.7 
Ia 420 1728 1954 -2.9 198 194 27.6 
a 727 1428 1766 -2.1 118 111 55.4 
i 430 1975 2205 7.6 122 117 23.4 
a 494 1778 1805 -13.6 127 125 29.7 
i 437 1598 2063 11.7 135 132 25.7 
U 434 948 1838 -2.2 128 128 32.9 
a 720 1243 1768 1.6 126 126 33.4 
I 393 1274 1864 -2.9 124 124 29.3 
eR 516 1611 1846 -0.2 123 121 30.2 
U 417 1151 1636 -7.1 123 122 27.6 
uI 423 937 1974 1.3 118 98 39.7 
aR 619 1517 1871 2.7 113 105 26.7 
a 816 1298 1949 2.5 140 134 36.5 
i 399 1817 2133 6.9 131 125 49.3 
U 430 1156 1660 -4.9 150 139 23.9 
eU 551 1173 1882 -3.0 144 135 39.5 
a 714 1201 2038 3.3 137 134 35.2 
U 459 1547 1768 2.6 139 139 27.7 
I 431 1931 2056 7.6 131 128 47.5 
eI 382 1898 2138 -4.8 127 119 35.4 
U 397 774 2039 -9.1 183 176 29.6 
eh 500 1673 1920 0.4 122 120 47.5 
aI 525 1651 1928 -4.5 131 129 47.6 
e 459 1393 1921 -1.1 142 141 28.7 
u 404 635 2261 -8.3 124 109 37.3 
U 452 658 2156 -0.8 124 109 33.5 
E 441 1716 1803 26.0 137 125 27.8 
aU 560 957 2126 -8.0 127 116 33.3 
I 631 1509 1848 6.8 137 131 27.6 
aU 628 893 2002 -8.9 120 116 35.2 
U 462 748 2234 -4.9 104 102 41.0 
aU 660 964 2246 -2.0 120 112 36.0 
U 416 813 2065 -0.6 118 112 31.8 
ehU 592 1058 1749 -6.9 119 83 46.0 
aR 704 1344 1764 6.8 115 114 27.7 
aU 520 906 1884 0.5 126 118 34.3 
eh 515 1748 1998 2.2 108 102 49.7 
I 412 1650 1993 -1.5 184 180 22.9 
I 410 1804 1995 -1.0 182 --undefined-- 26.4 
U 485 751 2212 -13.4 153 149 30.9 
E 471 1555 1790 2.7 121 116 37.4 
Ia 618 1338 1851 -1.5 96 93 39.6 
E 428 1680 1810 16.1 167 148 25.0 
eh 511 1293 1518 -2.7 182 179 27.3 
A 605 1213 1807 1.2 132 128 27.7 
U 468 973 1873 0.6 126 122 37.2 
eh 511 1601 1762 3.4 119 119 43.5 
A 518 1314 1461 -4.9 119 112 31.3 
A 527 1358 1583 0.9 125 102 39.3 
a 709 1391 1852 4.6 114 102 32.7 
O 548 1000 1448 2.2 125 123 31.4 
e 472 1460 1799 2.3 145 138 28.1 
aI 666 1429 1806 -0.3 138 137 32.3 
A 703 1188 2355 0.3 140 134 33.0 
a 664 1255 2088 -1.8 137 133 46.4 
E 547 1463 1708 -6.6 132 131 41.9 
a 780 1311 1935 2.6 113 103 35.6 
E 490 1639 1799 4.9 127 127 33.9 
E 465 1825 1912 4.9 136 122 26.3 
A 640 1452 1977 -8.3 125 112 37.3 
Ia 399 1542 2099 2.9 199 121 22.2 
i 392 1663 1897 2.6 179 174 25.5 
A 726 1253 1800 0.9 111 105 31.5 
U 419 843 2069 -4.8 170 129 33.0 
i 414 1971 1995 -6.6 124 117 31.0 
a 699 1221 2005 -4.0 122 119 39.9 
U 469 1144 1555 -0.7 122 121 26.1 
a 670 1166 2039 2.2 116 115 36.8 
I 445 1789 2030 1.9 113 112 31.2 
eI 412 941 2109 8.5 107 100 34.2 
U 471 842 2223 -7.6 236 208 25.1 
i 359 1656 2072 3.2 166 146 44.2 
E 454 1587 1837 4.1 155 141 26.6 
oI 506 1237 1837 -1.5 163 157 35.5 
O 466 1122 2037 -1.0 149 143 27.3 
aI 581 1452 1778 6.9 145 144 39.2 
A 633 1190 2267 4.8 136 128 29.9 
a 706 1259 1966 -7.3 140 138 52.3 
E 501 1526 1747 -3.9 133 129 27.4 
a 798 1291 1946 4.4 112 92 36.1 
U 461 922 1943 -2.7 134 134 24.9 
eh 581 1770 2019 2.9 145 128 38.6 
I 499 1734 1924 8.0 129 120 32.4 
oh 618 887 2002 -1.7 134 128 44.3 
A 564 1313 1884 6.1 143 141 33.6 
U 422 1098 1883 -3.0 183 178 24.9 
A 593 1224 1441 0.4 124 119 30.3 
Iu 420 737 2164 -2.1 161 135 39.7 
a 622 1295 1748 -8.9 136 136 43.4 
A 796 1275 2062 0.4 138 134 30.4 
I 414 1860 2035 1.9 187 183 18.9 
a 593 1300 1874 -4.0 142 142 42.5 
U 460 1214 1602 -1.3 138 136 26.6 
a 672 1260 1988 3.9 136 135 32.5 
U 414 1245 1827 -2.5 135 135 31.5 
I 352 1863 1997 -2.6 154 152 24.3 
eI 389 1477 2016 -3.2 112 96 33.3 
i 411 1936 2203 5.4 122 122 24.5 
A 580 1435 1806 0.02 159 108 32.9 
i 398 1924 2048 7.2 181 174 29.8 
A 535 1520 1796 0.7 127 118 27.2 
E 413 1711 1935 6.0 124 121 36.3 
oI 415 1760 2045 15.6 128 127 32.5 
a 569 1344 1750 6.0 135 133 30.8 
E 431 1307 1649 -10.7 131 130 30.9 
E 414 1478 1793 5.3 127 122 26.6 
A 556 1411 1751 -4.7 131 129 34.4 
Ia 402 1940 2088 -4.8 98 94 47.4 
O 507 1125 1208 -1.8 151 149 34.1 
e 443 1581 1720 7.2 209 200 19.2 
a 658 1362 2009 -3.6 122 115 32.1 
E 436 1671 1858 3.7 135 129 26.0 
U 439 1494 1719 -4.6 214 211 21.5 
i 376 1804 1972 11.3 183 158 24.3 
aI 451 1703 1872 -8.1 144 140 36.1 
O 583 1146 1360 7.8 145 145 31.5 
aI 548 1333 1801 2.8 149 148 31.9 
A 618 1057 1508 -2.8 138 132 41.3 
a 594 1252 1680 -1.7 137 134 38.1 
E 537 1413 1612 4.3 136 132 28.9 
a 719 1304 1991 0.7 114 98 33.0 
oh 607 853 1917 -2.4 129 128 41.0 
A 587 1271 1962 2.1 129 126 34.9 
I 407 1610 1993 -3.0 124 124 29.1 
I 492 2018 2222 11.2 126 122 32.4 
eI 366 2082 2181 7.0 116 109 33.9 
eI 408 1921 2132 -8.7 137 62 37.3 
I 401 1651 1897 -4.1 191 186 24.0 
U 453 1100 1524 -1.0 125 124 29.1 
a 632 1187 1479 5.7 122 100 31.0 
I 436 1816 2064 -1.9 114 112 25.9 
eI 368 1707 2111 8.6 119 104 32.4 
U 474 787 2119 -8.3 240 224 25.7 
i 385 1783 2044 1.0 138 137 25.5 
a 548 1614 1898 -8.2 137 135 34.2 
i 394 1682 2046 1.4 187 158 32.2 
eh 508 1763 1932 3.4 124 119 38.6 
I 388 2076 2121 25.7 139 131 27.5 
U 468 1107 2020 -6.2 161 158 22.0 
a 749 1192 1915 2.4 170 164 27.2 
I 389 1183 1969 0.1 168 160 17.9 
eR 535 1615 1827 1.2 178 157 37.8 
U 469 1217 2032 -6.3 155 145 28.3 
O 519 946 1754 4.1 137 136 26.7 
e 467 1494 1802 -0.1 149 144 34.9 
aI 452 1815 1884 5.4 150 125 31.0 
e 443 1928 2112 5.2 140 138 33.2 
eh 583 1703 1910 4.3 123 121 39.4 
I 337 2020 2349 5.1 161 --undefined-- 20.0 
A 710 1320 1986 6.9 132 124 38.9 
o 456 941 1864 -11.9 139 122 28.4 
A 451 1771 2034 9.0 152 143 21.3 
A 622 1471 1821 1.5 117 112 29.8 
Ia 494 1672 1817 8.4 154 131 38.9 
eh 497 1793 2027 -1.9 116 112 50.8 
A 581 1448 1812 1.7 146 130 33.2 
I 357 2021 2166 -4.2 166 159 26.2 
I 401 1988 2128 1.5 96 96 32.2 
eU 488 1115 1712 -5.7 113 110 30.4 
a 661 1161 1982 -0.1 111 110 36.3 
I 396 1796 2011 8.7 127 124 29.4 
eR 420 1485 1618 -0.5 93 88 33.6 
i 412 1927 2146 17.6 130 116 39.8 
U 520 1136 2248 -6.8 106 104 35.2 
eh 659 1426 1785 2.6 114 112 52.5 
eh 642 1586 1831 1.0 156 107 42.9 
i 462 1802 2019 1.7 148 133 29.1 
a 737 1314 1990 0.8 136 133 32.0 
i 399 1755 2014 7.4 133 132 33.5 
a 577 1275 1888 -4.1 129 129 39.1 
I 383 1680 1837 11.3 125 125 28.6 
eR 445 1598 1848 3.9 142 135 32.1 
U 386 1382 1639 -3.2 162 160 22.5 
E 432 1357 1716 -2.7 166 152 27.3 
oI 470 1363 2020 -5.2 136 131 33.0 
O 494 1190 1543 -0.1 158 142 32.0 
aI 566 1388 1650 5.2 140 139 35.7 
a 745 1308 1872 4.0 124 118 39.0 
O 589 1097 1416 2.9 124 123 31.9 
e 478 1468 1799 -7.7 127 126 26.7 
aI 517 1735 1808 -0.6 125 119 45.6 
e 409 1903 2113 0.3 129 126 28.0 
A 669 1475 1677 -3.5 126 123 42.4 
E 413 1771 1997 3.4 121 118 35.2 
oU 506 734 2222 -2.3 117 101 26.6 
eh 593 1701 1911 9.5 121 119 41.1 
A 624 1567 1942 3.2 143 142 37.6 
E 442 1796 1984 7.4 142 141 29.8 
i 348 1947 2151 -1.7 154 153 25.2 
eU 539 1145 1921 -7.4 125 120 30.5 
a 627 1223 1859 -1.3 120 120 31.5 
I 445 1454 1903 2.7 133 122 35.8 
eR 489 1587 1775 5.3 116 107 49.4 
eh 546 1666 2451 -1.2 107 104 52.8 
a 794 1321 1883 1.6 123 123 32.4 
A 459 1271 1567 -2.5 124 123 27.0 
a 663 1305 1776 -4.0 118 116 29.7 
I 371 1827 2145 2.3 114 114 26.7 
Ia 404 1755 2076 -18.8 108 107 37.7 
aU 660 1120 1665 -4.7 117 109 46.1 
a 612 1195 2101 -5.2 112 109 32.8 
A 492 1049 1733 -1.2 114 114 28.4 
a 705 1363 1889 3.4 130 126 38.1 
i 436 1775 2066 3.7 142 133 28.1 
E 461 1776 1783 6.2 160 159 28.4 
oI 409 1768 1963 -3.3 168 161 39.3 
U 442 1060 1966 -6.5 140 140 32.6 
a 730 1218 2384 5.2 148 145 34.7 
I 449 1360 1753 1.1 149 143 26.4 
eR 476 1594 1829 -2.5 146 141 34.1 
U 446 1257 1805 -11.7 143 142 33.8 
O 510 1104 1429 2.3 147 140 35.3 
e 496 1233 1638 -2.4 124 117 29.4 
aI 564 1465 1832 7.9 132 132 41.3 
A 705 1193 2073 11.5 126 123 30.4 
a 715 1237 2055 3.2 126 124 38.2 
e 507 1501 1865 0.2 127 125 35.9 
U 483 1002 1927 -5.5 122 121 25.3 
E 432 1657 1720 --undefined-- 137 122 25.8 
aU 603 1066 1965 -5.9 123 116 33.2 
U 414 800 2105 -1.6 131 129 37.2 
E 508 1366 1690 --undefined-- 129 128 40.7 
aU 574 1132 1770 -2.5 126 122 33.9 
A 559 1396 1786 -5.2 123 121 28.3 
Ia 671 1537 1869 10.6 126 124 32.8 
i 379 1098 1951 -15.2 150 148 21.6 
a 599 1664 1939 3.2 152 148 31.9 
i 398 1567 2158 5.9 195 171 32.8 
eh 535 1690 1879 5.4 121 112 46.3 
a 694 1367 1998 1.4 159 153 28.0 
E 480 1567 1915 -4.0 182 154 23.6 
a 651 1379 1942 -2.4 126 122 34.8 
A 535 1391 1680 -1.9 154 142 30.8 
O 518 1040 1743 -1.3 135 132 33.9 
e 482 1599 1804 -2.6 144 129 32.6 
aI 515 1700 1948 1.5 143 126 37.9 
e 506 1846 2071 -2.2 146 114 43.2 
eU 591 1119 1768 -11.2 138 136 25.7 
a 670 1179 1878 4.0 138 135 33.9 
U 454 1578 1858 2.0 142 140 30.2 
I 408 1881 2111 2.1 121 119 29.1 
eI 451 2021 2156 7.8 146 130 31.7 
U 501 1067 1830 -10.0 137 128 28.1 
oh 612 884 1921 -4.3 156 138 38.0 
eh 522 1764 1826 0.08 111 107 48.3 
i 359 1980 2024 4.2 169 168 25.6 
I 374 1947 2058 2.0 181 178 22.8 
eR 461 1568 1722 -2.5 97 92 41.4 
eh 537 1649 1841 6.7 109 95 37.2 
oh 599 900 1865 -2.5 133 130 39.5 
i 402 1711 2017 -0.4 130 128 24.3 
A 704 1380 1912 -7.7 125 119 39.5 
A 546 1443 1810 5.8 124 121 33.4 
A 462 1400 1602 -6.6 111 110 31.6 
U 448 1076 1554 -5.1 115 115 24.3 
a 656 1191 2062 1.9 112 112 38.2 
U 440 1571 2255 12.0 113 113 25.3 
I 405 1936 2194 -1.1 126 125 29.0 
eI 383 1678 1992 0.4 95 83 41.7 
a 695 1359 1839 2.5 141 127 29.2 
i 480 1710 1882 4.8 138 137 29.2 
O 553 1052 1994 --undefined-- 139 138 35.2 
e 476 1645 1888 7.4 149 137 27.1 
a 691 1222 2089 -6.7 133 125 37.4 
e 524 1379 1644 3.7 127 122 29.7 
a 717 1232 2008 2.2 108 98 36.9 
O 489 946 2114 -1.4 117 117 39.5 
e 456 1615 1845 -0.5 123 122 33.0 
a 706 1249 2069 2.8 116 113 33.7 
I 394 1830 2038 8.0 126 126 24.0 
O 512 872 2033 -3.5 121 114 27.4 
Ia 422 1720 1997 1.9 187 156 33.2 
Ie 418 1873 2014 2.4 133 129 48.2 
O 520 1011 1571 4.3 162 150 29.8 
e 502 1641 1801 3.5 166 162 32.8 
aI 494 1653 1967 8.6 161 154 37.4 
e 473 1773 2032 4.0 158 149 35.1 
O 506 902 1838 1.0 146 141 29.2 
A 641 1201 2016 5.3 142 139 38.1 
oh 582 982 1800 -6.5 164 143 36.3 
Ia 561 1536 1751 26.0 123 106 39.2 
i 419 1892 2049 -1.3 128 121 37.0 
a 811 1244 2419 -4.0 138 136 26.7 
eh 572 1669 1854 1.6 138 137 48.8 
a 685 1315 2054 2.2 138 134 26.5 
A 721 1302 2060 -4.3 120 102 31.6 
oh 609 1044 2046 -7.0 128 126 33.1 
A 581 1298 1723 -5.7 135 131 34.4 
e 407 1929 2073 4.8 129 128 40.8 
Io 445 1401 1941 -3.7 136 135 33.0 
I 363 1706 2025 1.8 151 149 29.4 
e 419 1474 2009 -0.3 109 101 36.9 
A 538 1607 1698 -3.3 97 96 55.9 
i 392 1923 2079 -4.0 119 100 40.6 
eh 502 1731 1876 1.8 133 113 31.7 
i 444 1196 2144 -12.5 136 130 26.7 
aI 439 1917 1959 -6.9 138 137 30.7 
O 572 1018 1976 6.5 144 142 31.2 
e 477 1563 1854 -3.9 158 131 28.7 
aI 450 1796 1951 9.7 137 130 37.5 
e 412 1769 1993 5.2 124 111 47.1 
eh 564 1707 1764 -1.0 112 112 41.4 
Uo 448 799 2209 -9.5 137 128 35.2 
a 718 1217 2430 3.3 126 122 35.3 
eh 496 1429 1680 -2.6 122 119 31.2 
A 596 1392 1941 8.2 128 123 34.8 
A 483 1260 1623 -4.2 128 127 32.5 
O 549 1014 1283 3.7 124 121 36.3 
e 464 1448 1917 -4.0 127 124 30.0 
aI 517 1690 2037 9.4 120 116 32.4 
e 384 1852 2044 -1.0 119 117 39.0 
a 662 1403 1547 -5.9 110 97 32.8 
a 725 1191 1610 -1.4 104 92 58.5 
a 741 1391 1905 0.5 111 107 33.4 
E 468 1743 1973 1.1 127 97 34.9 
eh 590 1697 1931 6.5 124 122 34.6 
oh 581 1040 2112 1.8 131 130 33.8 
A 408 1416 1804 -0.9 132 131 26.7 
I 372 2015 2026 3.8 178 176 20.6 
A 523 1165 1535 -1.2 248 245 25.6 
A 434 1449 1528 0.8 214 211 33.2 
i 462 1846 2038 -2.4 144 142 27.1 
a 448 1925 2096 -0.4 149 145 27.1 
i 348 1914 2091 -7.2 169 162 27.1 
i 482 1903 2035 4.5 143 140 27.5 
a 453 1863 2052 1.1 152 145 29.1 
i 395 1637 2139 -8.2 185 174 26.4 
a 691 1209 1847 2.8 136 136 27.6 
eR 489 1617 1819 3.5 185 161 29.0 
U 427 892 1985 -6.3 144 111 32.2 
O 528 970 1756 0.6 133 130 39.6 
e 473 1508 1890 -6.8 148 146 37.1 
aI 455 1691 2059 7.5 146 141 32.8 
o 462 652 2434 -4.9 143 136 37.1 
U 449 804 2112 -8.0 116 112 32.7 
eh 511 1682 1996 2.8 112 111 32.2 
U 473 978 2000 -9.0 112 111 26.2 
eh 515 1617 1775 4.2 125 122 49.3 
o 423 755 2145 -5.7 138 126 35.5 
U 419 1176 1618 4.6 167 161 22.4 
eh 504 1725 1940 -2.7 117 106 35.0 
a 744 1362 1705 4.2 138 137 39.0 
i 493 1714 1954 2.2 140 140 32.7 
O 517 1081 1834 -0.5 153 146 31.3 
e 388 1783 1912 -1.1 173 172 40.0 
i 364 1844 2090 3.3 175 173 24.2 
aI 492 1788 1963 -1.4 182 170 35.0 
eR 479 1621 1832 13.2 154 139 30.7 
A 488 1437 1703 -1.1 150 149 30.3 
I 384 1461 2333 12.3 186 185 25.4 
o 437 665 2321 -3.4 118 109 37.0 
U 467 1050 2360 -8.1 114 --undefined-- 28.6 
O 512 1018 1900 3.8 122 110 30.6 
e 528 1528 1837 -2.9 139 115 39.0 
A 661 1274 2036 0.3 118 115 26.2 
eh 541 1633 1798 7.9 118 116 38.8 
A 600 1272 1717 -1.6 105 95 42.3 
a 781 1277 1943 -0.6 111 106 39.7 
A 588 1345 1631 -2.6 117 115 32.5 
oI 459 1514 1947 -11.4 126 113 49.7 
I 314 1497 2078 3.1 155 149 23.0 
i 418 1816 1953 5.2 146 145 28.8 
aI 463 1820 1862 3.9 156 148 26.6 
eR 464 1644 1964 -1.5 120 114 35.6 
o 457 748 2353 -12.6 124 104 33.5 
U 424 709 2183 -6.2 209 205 27.0 
Ie 506 1903 2159 8.4 145 141 51.0 
O 511 893 2007 2.9 167 164 21.4 
e 466 1539 2085 -0.5 229 221 26.7 
oh 550 859 2329 -2.5 127 101 36.0 
i 432 727 2111 -37.6 134 132 34.2 
E 436 1745 1983 4.8 155 141 30.0 
oI 483 1548 1931 3.7 161 159 39.5 
U 458 1185 1814 -13.2 152 147 23.5 
o 475 961 1934 -3.5 156 149 28.7 
O 538 1094 1147 --undefined-- 141 138 31.9 
e 558 1457 1758 -5.9 136 --undefined-- 29.2 
aI 564 1487 1874 8.0 129 128 31.0 
A 629 1119 1799 3.3 126 120 39.2 
a 603 1287 1735 2.0 122 120 31.1 
e 493 1111 1729 5.7 --undefined-- --undefined-- --undefined-- 
U 484 885 2051 -5.5 117 115 27.8 
eh 521 1762 2086 13.2 111 94 36.8 
a 697 1358 1678 -1.5 113 108 59.5 
i 471 1375 1907 3.1 115 112 39.1 
E 447 1619 1782 -8.4 134 132 26.0 
oI 461 1320 2056 5.9 132 127 30.9 
U 447 1133 1594 -3.7 131 --undefined-- 27.7 
O 508 1037 1823 -2.2 119 118 38.4 
aI 561 1335 1621 4.4 116 115 32.2 
A 636 1132 1461 -0.2 111 110 38.6 
a 634 1235 1982 -2.1 114 112 38.1 
e 497 1297 1575 -7.2 118 116 28.6 
A 658 1200 1516 3.7 111 110 27.4 
O 477 1209 1832 6.7 119 118 26.2 
I 371 1847 2159 8.5 117 117 33.7 
U 395 605 2239 -4.0 117 114 32.0 
u 473 1020 1763 --undefined-- 118 117 29.8 
A 513 1310 1745 1.2 115 113 34.4 
A 520 1242 1608 0.2 223 199 23.7 
i 391 1800 2055 -2.2 144 144 27.4 
a 450 1849 2121 1.3 148 140 30.3 
i 386 791 2042 8.8 185 172 26.1 
O 490 914 1116 2.6 193 191 25.8 
e 435 1745 1949 8.8 215 212 33.2 
e 448 1706 1857 4.0 176 171 27.7 
A 539 1374 1903 4.8 176 175 30.8 
eR 522 1174 1613 -3.5 168 167 28.8 
a 682 1317 1871 -4.0 161 156 35.2 
Ia 497 1211 1602 -6.3 169 166 32.5 
u 484 789 2085 -9.5 130 125 24.2 
aR 459 1441 1463 -4.0 112 110 33.7 
oI 468 1461 1901 2.1 116 114 30.4 
a 519 1192 1555 1.9 115 112 32.6 
O 459 964 2012 -2.9 112 110 32.6 
U 393 834 2410 -3.9 124 124 29.1 
